0.615686274509804
0.6352941176470588
0.4470588235294118
0.7529411764705882
0.7529411764705882
0.5450980392156862
0.8235294117647058
0.8117647058823529
0.5764705882352941
0.7411764705882353
0.7333333333333333
0.48627450980392156
0.611764705882353
0.6274509803921569
0.30980392156862746
0.6392156862745098
0.6235294117647059
0.32941176470588235
0.7607843137254902
0.7725490196078432
0.6705882352941176
0.7490196078431373
0.7450980392156863
0.6588235294117647
0.49411764705882355
0.47058823529411764
0.25882352941176473
0.48627450980392156
0.4588235294117647
0.2901960784313726
0.596078431372549
0.6235294117647059
0.48627450980392156
0.7764705882352941
0.8156862745098039
0.3843137254901961
0.6823529411764706
0.6862745098039216
0.35294117647058826
0.6666666666666666
0.6823529411764706
0.33725490196078434
0.7568627450980392
0.7137254901960784
0.47843137254901963
0.9803921568627451
0.9333333333333333
0.7764705882352941
0.7725490196078432
0.7333333333333333
0.4549019607843137
0.807843137254902
0.7254901960784313
0.5490196078431373
0.8196078431372549
0.7607843137254902
0.5529411764705883
0.7490196078431373
0.7254901960784313
0.48627450980392156
0.6705882352941176
0.6
0.3254901960784314
0.5294117647058824
0.47058823529411764
0.24313725490196078
0.6549019607843137
0.6196078431372549
0.32941176470588235
0.8784313725490196
0.8235294117647058
0.5215686274509804
0.8823529411764706
0.8196078431372549
0.5411764705882353
0.8666666666666667
0.7607843137254902
0.5294117647058824
0.7725490196078432
0.6705882352941176
0.4235294117647059
0.6941176470588235
0.6666666666666666
0.23529411764705882
0.6196078431372549
0.615686274509804
0.19215686274509805
0.5372549019607843
0.5333333333333333
0.1607843137254902
0.44313725490196076
0.4588235294117647
0.08627450980392157
0.42745098039215684
0.44313725490196076
0.07058823529411765
0.7411764705882353
0.7411764705882353
0.7490196078431373
0.7411764705882353
0.7333333333333333
0.6509803921568628
0.7450980392156863
0.7411764705882353
0.5372549019607843
0.6549019607843137
0.6509803921568628
0.403921568627451
0.611764705882353
0.6039215686274509
0.396078431372549
0.6274509803921569
0.6078431372549019
0.43529411764705883
0.8313725490196079
0.8509803921568627
0.8823529411764706
0.6823529411764706
0.6901960784313725
0.6980392156862745
0.4117647058823529
0.3843137254901961
0.19215686274509805
0.6313725490196078
0.6274509803921569
0.4980392156862745
0.6352941176470588
0.6705882352941176
0.615686274509804
0.807843137254902
0.8352941176470589
0.49411764705882355
0.7686274509803922
0.7372549019607844
0.5686274509803921
0.6901960784313725
0.6549019607843137
0.40784313725490196
0.7568627450980392
0.6862745098039216
0.4588235294117647
0.9725490196078431
0.9058823529411765
0.7411764705882353
0.7215686274509804
0.6941176470588235
0.37254901960784315
0.9333333333333333
0.8313725490196079
0.6745098039215687
0.7647058823529411
0.6823529411764706
0.5137254901960784
0.6509803921568628
0.6235294117647059
0.36470588235294116
0.6705882352941176
0.6509803921568628
0.41568627450980394
0.5529411764705883
0.5215686274509804
0.2627450980392157
0.6039215686274509
0.5647058823529412
0.2784313725490196
0.8745098039215686
0.8196078431372549
0.5176470588235295
0.9647058823529412
0.8941176470588236
0.6431372549019608
0.8549019607843137
0.7647058823529411
0.5607843137254902
0.7568627450980392
0.6627450980392157
0.396078431372549
0.803921568627451
0.7490196078431373
0.3764705882352941
0.6588235294117647
0.6509803921568628
0.27058823529411763
0.4823529411764706
0.4745098039215686
0.10196078431372549
0.403921568627451
0.403921568627451
0.050980392156862744
0.3803921568627451
0.37254901960784315
0.027450980392156862
0.8549019607843137
0.8627450980392157
0.9019607843137255
0.7568627450980392
0.7686274509803922
0.6705882352941176
0.6901960784313725
0.6862745098039216
0.5098039215686274
0.6627450980392157
0.6431372549019608
0.4588235294117647
0.6196078431372549
0.592156862745098
0.44313725490196076
0.6509803921568628
0.6274509803921569
0.47058823529411764
0.8352941176470589
0.8431372549019608
0.8588235294117647
0.6901960784313725
0.7098039215686275
0.7098039215686275
0.4666666666666667
0.45098039215686275
0.21568627450980393
0.7098039215686275
0.7215686274509804
0.4745098039215686
0.6549019607843137
0.6862745098039216
0.5058823529411764
0.8313725490196079
0.8352941176470589
0.5568627450980392
0.807843137254902
0.8196078431372549
0.792156862745098
0.803921568627451
0.792156862745098
0.7333333333333333
0.7098039215686275
0.615686274509804
0.43137254901960786
0.9764705882352941
0.8941176470588236
0.7254901960784313
0.7843137254901961
0.7725490196078432
0.4666666666666667
0.8941176470588236
0.8313725490196079
0.6274509803921569
0.803921568627451
0.7372549019607844
0.5411764705882353
0.6784313725490196
0.6509803921568628
0.5098039215686274
0.803921568627451
0.8
0.7725490196078432
0.6235294117647059
0.6078431372549019
0.3764705882352941
0.611764705882353
0.5647058823529412
0.2784313725490196
0.8588235294117647
0.8
0.5019607843137255
0.9764705882352941
0.9058823529411765
0.6352941176470588
0.8549019607843137
0.788235294117647
0.5450980392156862
0.7490196078431373
0.7098039215686275
0.34509803921568627
0.796078431372549
0.7803921568627451
0.30980392156862746
0.7372549019607844
0.7450980392156863
0.25882352941176473
0.5568627450980392
0.5647058823529412
0.12941176470588237
0.5490196078431373
0.5490196078431373
0.12549019607843137
0.5137254901960784
0.49411764705882355
0.08235294117647059
0.9137254901960784
0.9176470588235294
0.9411764705882353
0.8941176470588236
0.9019607843137255
0.8745098039215686
0.6470588235294118
0.6392156862745098
0.45098039215686275
0.6470588235294118
0.6078431372549019
0.403921568627451
0.596078431372549
0.5647058823529412
0.3137254901960784
0.5764705882352941
0.5568627450980392
0.3568627450980392
0.8156862745098039
0.807843137254902
0.796078431372549
0.7843137254901961
0.788235294117647
0.792156862745098
0.6862745098039216
0.6941176470588235
0.41568627450980394
0.8235294117647058
0.8705882352941177
0.47058823529411764
0.788235294117647
0.8274509803921568
0.4549019607843137
0.8588235294117647
0.8549019607843137
0.6196078431372549
0.7843137254901961
0.7803921568627451
0.788235294117647
0.7647058823529411
0.7490196078431373
0.7568627450980392
0.7450980392156863
0.7019607843137254
0.6078431372549019
0.9411764705882353
0.8470588235294118
0.6823529411764706
0.7333333333333333
0.6980392156862745
0.4235294117647059
0.7686274509803922
0.7411764705882353
0.5333333333333333
0.8117647058823529
0.796078431372549
0.6509803921568628
0.796078431372549
0.807843137254902
0.8117647058823529
0.7568627450980392
0.7568627450980392
0.796078431372549
0.615686274509804
0.6039215686274509
0.44313725490196076
0.6509803921568628
0.6039215686274509
0.30980392156862746
0.807843137254902
0.7450980392156863
0.4470588235294118
0.8784313725490196
0.8196078431372549
0.5098039215686274
0.8745098039215686
0.8156862745098039
0.49019607843137253
0.8392156862745098
0.807843137254902
0.30980392156862746
0.6784313725490196
0.6823529411764706
0.17647058823529413
0.596078431372549
0.6
0.1607843137254902
0.592156862745098
0.6196078431372549
0.17254901960784313
0.5882352941176471
0.596078431372549
0.1607843137254902
0.7411764705882353
0.6980392156862745
0.25098039215686274
0.9254901960784314
0.9019607843137255
0.7803921568627451
0.9215686274509803
0.9176470588235294
0.8431372549019608
0.7568627450980392
0.7372549019607844
0.5490196078431373
0.615686274509804
0.592156862745098
0.44313725490196076
0.5647058823529412
0.5607843137254902
0.25882352941176473
0.5529411764705883
0.5372549019607843
0.23921568627450981
0.6313725490196078
0.615686274509804
0.4117647058823529
0.6784313725490196
0.6705882352941176
0.5137254901960784
0.8470588235294118
0.8627450980392157
0.5568627450980392
0.792156862745098
0.8470588235294118
0.45098039215686275
0.8745098039215686
0.8980392156862745
0.5215686274509804
0.8705882352941177
0.8666666666666667
0.6862745098039216
0.7333333333333333
0.6980392156862745
0.7098039215686275
0.7058823529411765
0.6274509803921569
0.6352941176470588
0.7843137254901961
0.7803921568627451
0.7568627450980392
0.8901960784313725
0.8196078431372549
0.7411764705882353
0.7411764705882353
0.6509803921568628
0.42745098039215684
0.7647058823529411
0.7647058823529411
0.6784313725490196
0.8156862745098039
0.8392156862745098
0.8352941176470589
0.6980392156862745
0.6901960784313725
0.7098039215686275
0.7098039215686275
0.7019607843137254
0.7215686274509804
0.6196078431372549
0.6078431372549019
0.4588235294117647
0.6509803921568628
0.615686274509804
0.3058823529411765
0.6980392156862745
0.6509803921568628
0.3254901960784314
0.7568627450980392
0.7019607843137254
0.3843137254901961
0.7843137254901961
0.7254901960784313
0.403921568627451
0.7803921568627451
0.7725490196078432
0.29411764705882354
0.6745098039215687
0.6666666666666666
0.2196078431372549
0.6784313725490196
0.6352941176470588
0.2901960784313726
0.5098039215686274
0.4980392156862745
0.14901960784313725
0.6039215686274509
0.6
0.19215686274509805
0.6901960784313725
0.6627450980392157
0.20784313725490197
0.8117647058823529
0.7843137254901961
0.5019607843137255
0.8
0.796078431372549
0.5294117647058824
0.7294117647058823
0.7058823529411765
0.4588235294117647
0.7372549019607844
0.7137254901960784
0.6039215686274509
0.6509803921568628
0.6509803921568628
0.45098039215686275
0.6274509803921569
0.6039215686274509
0.3215686274509804
0.6470588235294118
0.6392156862745098
0.21568627450980393
0.6745098039215687
0.6627450980392157
0.28627450980392155
0.788235294117647
0.803921568627451
0.4666666666666667
0.7450980392156863
0.7607843137254902
0.38823529411764707
0.7725490196078432
0.7843137254901961
0.43137254901960786
0.7686274509803922
0.7647058823529411
0.6549019607843137
0.7137254901960784
0.6588235294117647
0.6549019607843137
0.6470588235294118
0.5333333333333333
0.5333333333333333
0.7725490196078432
0.7647058823529411
0.7725490196078432
0.8392156862745098
0.8588235294117647
0.8784313725490196
0.7725490196078432
0.7529411764705882
0.7019607843137254
0.8196078431372549
0.8509803921568627
0.8705882352941177
0.7803921568627451
0.8
0.8313725490196079
0.7137254901960784
0.6745098039215687
0.7176470588235294
0.7098039215686275
0.6901960784313725
0.7568627450980392
0.7176470588235294
0.6941176470588235
0.611764705882353
0.611764705882353
0.5450980392156862
0.2980392156862745
0.5529411764705883
0.4588235294117647
0.1843137254901961
0.6588235294117647
0.5647058823529412
0.25882352941176473
0.6313725490196078
0.5411764705882353
0.23921568627450981
0.5294117647058824
0.5176470588235295
0.16862745098039217
0.5686274509803921
0.5333333333333333
0.19215686274509805
0.6705882352941176
0.6196078431372549
0.2901960784313726
0.4823529411764706
0.45098039215686275
0.1568627450980392
0.5098039215686274
0.4980392156862745
0.12549019607843137
0.6078431372549019
0.5803921568627451
0.1607843137254902
0.6941176470588235
0.6666666666666666
0.3686274509803922
0.7529411764705882
0.7215686274509804
0.4588235294117647
0.6392156862745098
0.611764705882353
0.34901960784313724
0.7215686274509804
0.7019607843137254
0.4980392156862745
0.7529411764705882
0.7490196078431373
0.5647058823529412
0.7333333333333333
0.7098039215686275
0.43529411764705883
0.6862745098039216
0.6745098039215687
0.2784313725490196
0.7098039215686275
0.6862745098039216
0.3411764705882353
0.7294117647058823
0.7254901960784313
0.42745098039215684
0.7058823529411765
0.6941176470588235
0.3607843137254902
0.7058823529411765
0.6980392156862745
0.3333333333333333
0.7215686274509804
0.7098039215686275
0.6078431372549019
0.6705882352941176
0.592156862745098
0.5803921568627451
0.6470588235294118
0.5294117647058824
0.5372549019607843
0.803921568627451
0.8235294117647058
0.8862745098039215
0.8588235294117647
0.8941176470588236
0.9647058823529412
0.8509803921568627
0.8862745098039215
0.9411764705882353
0.8549019607843137
0.8901960784313725
0.9490196078431372
0.8117647058823529
0.8431372549019608
0.9019607843137255
0.6901960784313725
0.6470588235294118
0.6705882352941176
0.6431372549019608
0.6078431372549019
0.6078431372549019
0.7568627450980392
0.7372549019607844
0.6470588235294118
0.6901960784313725
0.611764705882353
0.3607843137254902
0.5294117647058824
0.40784313725490196
0.16470588235294117
0.6235294117647059
0.5176470588235295
0.24313725490196078
0.6431372549019608
0.5647058823529412
0.2549019607843137
0.5450980392156862
0.5215686274509804
0.18823529411764706
0.596078431372549
0.5450980392156862
0.2627450980392157
0.6039215686274509
0.5568627450980392
0.24705882352941178
0.40784313725490196
0.3686274509803922
0.09019607843137255
0.5215686274509804
0.48627450980392156
0.13333333333333333
0.5058823529411764
0.48627450980392156
0.13725490196078433
0.6274509803921569
0.592156862745098
0.30980392156862746
0.6862745098039216
0.6509803921568628
0.3764705882352941
0.6745098039215687
0.6431372549019608
0.3843137254901961
0.6666666666666666
0.6588235294117647
0.34901960784313724
0.6941176470588235
0.6901960784313725
0.4
0.7294117647058823
0.7019607843137254
0.396078431372549
0.6431372549019608
0.615686274509804
0.29411764705882354
0.615686274509804
0.6
0.28627450980392155
0.7294117647058823
0.7215686274509804
0.4117647058823529
0.7607843137254902
0.7254901960784313
0.4196078431372549
0.6274509803921569
0.6039215686274509
0.27450980392156865
0.7529411764705882
0.7333333333333333
0.6666666666666666
0.7294117647058823
0.6666666666666666
0.6745098039215687
0.6823529411764706
0.6313725490196078
0.6862745098039216
0.8196078431372549
0.8666666666666667
0.9529411764705882
0.8588235294117647
0.8941176470588236
0.9647058823529412
0.8509803921568627
0.8901960784313725
0.9450980392156862
0.8549019607843137
0.8901960784313725
0.9490196078431372
0.8196078431372549
0.8509803921568627
0.8980392156862745
0.6666666666666666
0.6352941176470588
0.6509803921568628
0.7333333333333333
0.7058823529411765
0.7450980392156863
0.7686274509803922
0.7450980392156863
0.6823529411764706
0.7490196078431373
0.6431372549019608
0.396078431372549
0.5607843137254902
0.43529411764705883
0.2
0.6196078431372549
0.5137254901960784
0.24705882352941178
0.6784313725490196
0.6
0.30196078431372547
0.592156862745098
0.5411764705882353
0.23137254901960785
0.5725490196078431
0.5294117647058824
0.25098039215686274
0.611764705882353
0.5529411764705883
0.23137254901960785
0.4666666666666667
0.4196078431372549
0.13725490196078433
0.5647058823529412
0.5333333333333333
0.1803921568627451
0.47843137254901963
0.4588235294117647
0.12941176470588237
0.6588235294117647
0.6078431372549019
0.32941176470588235
0.6431372549019608
0.6196078431372549
0.3254901960784314
0.6823529411764706
0.6784313725490196
0.3843137254901961
0.6549019607843137
0.6392156862745098
0.3333333333333333
0.6431372549019608
0.6196078431372549
0.29411764705882354
0.6745098039215687
0.6549019607843137
0.3137254901960784
0.6274509803921569
0.6235294117647059
0.2823529411764706
0.6078431372549019
0.6039215686274509
0.25882352941176473
0.7058823529411765
0.6980392156862745
0.3607843137254902
0.7058823529411765
0.6823529411764706
0.35294117647058826
0.5529411764705883
0.5333333333333333
0.2549019607843137
0.7490196078431373
0.7294117647058823
0.6941176470588235
0.7686274509803922
0.7725490196078432
0.796078431372549
0.7843137254901961
0.8156862745098039
0.8941176470588236
0.8235294117647058
0.8823529411764706
0.9411764705882353
0.8509803921568627
0.8901960784313725
0.9647058823529412
0.8470588235294118
0.8745098039215686
0.9215686274509803
0.8352941176470589
0.8705882352941177
0.9176470588235294
0.8117647058823529
0.8549019607843137
0.8901960784313725
0.7529411764705882
0.7607843137254902
0.7686274509803922
0.7411764705882353
0.7568627450980392
0.803921568627451
0.7490196078431373
0.7411764705882353
0.6509803921568628
0.6745098039215687
0.6
0.30196078431372547
0.5686274509803921
0.4745098039215686
0.19607843137254902
0.6274509803921569
0.5333333333333333
0.24313725490196078
0.6745098039215687
0.5803921568627451
0.2980392156862745
0.6392156862745098
0.5607843137254902
0.2901960784313726
0.5725490196078431
0.5254901960784314
0.2235294117647059
0.611764705882353
0.5568627450980392
0.23921568627450981
0.5372549019607843
0.48627450980392156
0.19215686274509805
0.5098039215686274
0.4823529411764706
0.16470588235294117
0.5254901960784314
0.49411764705882355
0.1607843137254902
0.6901960784313725
0.6627450980392157
0.37254901960784315
0.6470588235294118
0.6588235294117647
0.34901960784313724
0.6588235294117647
0.6666666666666666
0.34509803921568627
0.6823529411764706
0.6666666666666666
0.37254901960784315
0.6431372549019608
0.611764705882353
0.30196078431372547
0.6549019607843137
0.6431372549019608
0.29411764705882354
0.596078431372549
0.596078431372549
0.2549019607843137
0.5450980392156862
0.5294117647058824
0.21568627450980393
0.6313725490196078
0.6078431372549019
0.28627450980392155
0.7058823529411765
0.6784313725490196
0.30980392156862746
0.4470588235294118
0.403921568627451
0.14901960784313725
0.7529411764705882
0.7411764705882353
0.7215686274509804
0.796078431372549
0.8196078431372549
0.8549019607843137
0.8313725490196079
0.8784313725490196
0.9411764705882353
0.8392156862745098
0.8784313725490196
0.9254901960784314
0.8274509803921568
0.8627450980392157
0.9098039215686274
0.8156862745098039
0.8509803921568627
0.8862745098039215
0.8117647058823529
0.8352941176470589
0.8705882352941177
0.7803921568627451
0.803921568627451
0.8313725490196079
0.7725490196078432
0.792156862745098
0.807843137254902
0.7490196078431373
0.7725490196078432
0.8
0.7647058823529411
0.7490196078431373
0.7411764705882353
0.6941176470588235
0.6274509803921569
0.4
0.596078431372549
0.5294117647058824
0.2235294117647059
0.6196078431372549
0.5490196078431373
0.25098039215686274
0.6313725490196078
0.5333333333333333
0.27450980392156865
0.5725490196078431
0.4666666666666667
0.23137254901960785
0.5372549019607843
0.4823529411764706
0.2
0.4980392156862745
0.4549019607843137
0.1607843137254902
0.5372549019607843
0.47058823529411764
0.18823529411764706
0.6
0.5176470588235295
0.24313725490196078
0.6039215686274509
0.5450980392156862
0.25098039215686274
0.6980392156862745
0.6627450980392157
0.3764705882352941
0.6901960784313725
0.6901960784313725
0.3843137254901961
0.6431372549019608
0.6509803921568628
0.32941176470588235
0.6705882352941176
0.6549019607843137
0.3607843137254902
0.6784313725490196
0.6549019607843137
0.35294117647058826
0.611764705882353
0.596078431372549
0.26666666666666666
0.5372549019607843
0.5215686274509804
0.21176470588235294
0.4823529411764706
0.45098039215686275
0.1607843137254902
0.6039215686274509
0.5686274509803921
0.2823529411764706
0.7137254901960784
0.6941176470588235
0.35294117647058826
0.592156862745098
0.5411764705882353
0.34509803921568627
0.7843137254901961
0.7843137254901961
0.788235294117647
0.8156862745098039
0.8470588235294118
0.9098039215686274
0.8352941176470589
0.8862745098039215
0.9372549019607843
0.788235294117647
0.8
0.8431372549019608
0.6352941176470588
0.6196078431372549
0.6274509803921569
0.8117647058823529
0.8274509803921568
0.8627450980392157
0.8156862745098039
0.8196078431372549
0.8470588235294118
0.5647058823529412
0.5490196078431373
0.5294117647058824
0.7372549019607844
0.7411764705882353
0.7450980392156863
0.7529411764705882
0.7686274509803922
0.7490196078431373
0.7215686274509804
0.7137254901960784
0.6509803921568628
0.6627450980392157
0.596078431372549
0.3411764705882353
0.6588235294117647
0.5882352941176471
0.30196078431372547
0.615686274509804
0.5372549019607843
0.2549019607843137
0.5529411764705883
0.4117647058823529
0.20784313725490197
0.49411764705882355
0.34901960784313724
0.16862745098039217
0.49411764705882355
0.4392156862745098
0.19215686274509805
0.5254901960784314
0.47843137254901963
0.2
0.592156862745098
0.5176470588235295
0.24705882352941178
0.6784313725490196
0.5843137254901961
0.3176470588235294
0.5803921568627451
0.5137254901960784
0.2549019607843137
0.6666666666666666
0.592156862745098
0.32941176470588235
0.6823529411764706
0.6509803921568628
0.3568627450980392
0.6196078431372549
0.615686274509804
0.29411764705882354
0.6470588235294118
0.6196078431372549
0.30980392156862746
0.6509803921568628
0.6352941176470588
0.3333333333333333
0.6196078431372549
0.5764705882352941
0.30196078431372547
0.5215686274509804
0.49411764705882355
0.20784313725490197
0.47843137254901963
0.4588235294117647
0.18823529411764706
0.5215686274509804
0.48627450980392156
0.21176470588235294
0.7176470588235294
0.6980392156862745
0.40784313725490196
0.6666666666666666
0.6549019607843137
0.4588235294117647
0.7725490196078432
0.788235294117647
0.788235294117647
0.8235294117647058
0.8627450980392157
0.9254901960784314
0.8588235294117647
0.9019607843137255
0.9725490196078431
0.7843137254901961
0.807843137254902
0.8549019607843137
0.611764705882353
0.5803921568627451
0.611764705882353
0.8392156862745098
0.8549019607843137
0.9098039215686274
0.8274509803921568
0.8588235294117647
0.8941176470588236
0.6627450980392157
0.6470588235294118
0.6666666666666666
0.7725490196078432
0.7725490196078432
0.796078431372549
0.7647058823529411
0.7843137254901961
0.807843137254902
0.7098039215686275
0.7058823529411765
0.6313725490196078
0.6745098039215687
0.5764705882352941
0.30980392156862746
0.6196078431372549
0.5019607843137255
0.2549019607843137
0.5725490196078431
0.4627450980392157
0.2196078431372549
0.5176470588235295
0.3333333333333333
0.16470588235294117
0.4392156862745098
0.2980392156862745
0.13725490196078433
0.5176470588235295
0.41568627450980394
0.21568627450980393
0.5176470588235295
0.43529411764705883
0.2
0.49019607843137253
0.4196078431372549
0.1803921568627451
0.5333333333333333
0.4588235294117647
0.21568627450980393
0.4666666666666667
0.39215686274509803
0.1568627450980392
0.611764705882353
0.49019607843137253
0.26666666666666666
0.6196078431372549
0.5764705882352941
0.2627450980392157
0.5882352941176471
0.5647058823529412
0.2549019607843137
0.615686274509804
0.5803921568627451
0.27450980392156865
0.7019607843137254
0.6588235294117647
0.45098039215686275
0.803921568627451
0.7529411764705882
0.6705882352941176
0.5372549019607843
0.5215686274509804
0.29411764705882354
0.43137254901960786
0.43137254901960786
0.15294117647058825
0.4588235294117647
0.45098039215686275
0.17254901960784313
0.6431372549019608
0.6274509803921569
0.38823529411764707
0.6627450980392157
0.615686274509804
0.396078431372549
0.788235294117647
0.803921568627451
0.8156862745098039
0.8274509803921568
0.8784313725490196
0.9372549019607843
0.8274509803921568
0.8823529411764706
0.9450980392156862
0.8352941176470589
0.8705882352941177
0.9333333333333333
0.8392156862745098
0.8588235294117647
0.9137254901960784
0.8117647058823529
0.8313725490196079
0.8980392156862745
0.7333333333333333
0.6784313725490196
0.7372549019607844
0.7607843137254902
0.7843137254901961
0.8196078431372549
0.7803921568627451
0.8156862745098039
0.8549019607843137
0.7607843137254902
0.792156862745098
0.8235294117647058
0.7058823529411765
0.7137254901960784
0.6588235294117647
0.6705882352941176
0.5333333333333333
0.2784313725490196
0.43529411764705883
0.29411764705882354
0.1411764705882353
0.4588235294117647
0.28627450980392155
0.12156862745098039
0.5803921568627451
0.38823529411764707
0.23921568627450981
0.48627450980392156
0.3333333333333333
0.19215686274509805
0.5254901960784314
0.396078431372549
0.23137254901960785
0.5372549019607843
0.40784313725490196
0.21176470588235294
0.5333333333333333
0.4235294117647059
0.2196078431372549
0.6078431372549019
0.4745098039215686
0.26666666666666666
0.6784313725490196
0.5215686274509804
0.3137254901960784
0.6039215686274509
0.5411764705882353
0.27450980392156865
0.5843137254901961
0.5176470588235295
0.23921568627450981
0.5372549019607843
0.48627450980392156
0.20392156862745098
0.615686274509804
0.5882352941176471
0.28627450980392155
0.6352941176470588
0.5764705882352941
0.3568627450980392
0.6862745098039216
0.6823529411764706
0.5490196078431373
0.5372549019607843
0.5529411764705883
0.28627450980392155
0.4588235294117647
0.4745098039215686
0.18823529411764706
0.5254901960784314
0.5490196078431373
0.2196078431372549
0.615686274509804
0.6196078431372549
0.2823529411764706
0.5450980392156862
0.5372549019607843
0.29411764705882354
0.792156862745098
0.8235294117647058
0.8509803921568627
0.8156862745098039
0.8745098039215686
0.9294117647058824
0.792156862745098
0.8588235294117647
0.9019607843137255
0.8196078431372549
0.8666666666666667
0.9372549019607843
0.8313725490196079
0.8705882352941177
0.9254901960784314
0.7098039215686275
0.6784313725490196
0.7333333333333333
0.4470588235294118
0.2784313725490196
0.3215686274509804
0.6039215686274509
0.5803921568627451
0.6196078431372549
0.7490196078431373
0.7764705882352941
0.8
0.7372549019607844
0.7607843137254902
0.7764705882352941
0.7450980392156863
0.7529411764705882
0.7647058823529411
0.6196078431372549
0.43137254901960786
0.25098039215686274
0.4117647058823529
0.24313725490196078
0.12549019607843137
0.5098039215686274
0.28627450980392155
0.17647058823529413
0.611764705882353
0.4117647058823529
0.27450980392156865
0.5058823529411764
0.3333333333333333
0.22745098039215686
0.4588235294117647
0.30980392156862746
0.17254901960784313
0.5882352941176471
0.41568627450980394
0.2627450980392157
0.6235294117647059
0.4627450980392157
0.2980392156862745
0.7333333333333333
0.5333333333333333
0.3568627450980392
0.8431372549019608
0.6274509803921569
0.4549019607843137
0.596078431372549
0.5764705882352941
0.2627450980392157
0.42745098039215684
0.3568627450980392
0.14901960784313725
0.43137254901960786
0.36470588235294116
0.1607843137254902
0.5215686274509804
0.5019607843137255
0.20392156862745098
0.5529411764705883
0.5254901960784314
0.24313725490196078
0.5686274509803921
0.5568627450980392
0.23137254901960785
0.5333333333333333
0.5294117647058824
0.21568627450980393
0.48627450980392156
0.4745098039215686
0.17647058823529413
0.5294117647058824
0.5333333333333333
0.23921568627450981
0.44313725490196076
0.47058823529411764
0.16862745098039217
0.5019607843137255
0.4980392156862745
0.3764705882352941
0.807843137254902
0.8313725490196079
0.8823529411764706
0.8156862745098039
0.8470588235294118
0.9058823529411765
0.7686274509803922
0.807843137254902
0.8431372549019608
0.6823529411764706
0.7058823529411765
0.7294117647058823
0.8235294117647058
0.8549019607843137
0.9254901960784314
0.6784313725490196
0.6627450980392157
0.7450980392156863
0.3686274509803922
0.1843137254901961
0.20392156862745098
0.5607843137254902
0.5450980392156862
0.6039215686274509
0.6705882352941176
0.6823529411764706
0.6588235294117647
0.7176470588235294
0.7372549019607844
0.7490196078431373
0.7294117647058823
0.7254901960784313
0.7450980392156863
0.5333333333333333
0.3215686274509804
0.2196078431372549
0.5058823529411764
0.2980392156862745
0.20784313725490197
0.4627450980392157
0.2823529411764706
0.17647058823529413
0.5215686274509804
0.36470588235294116
0.25098039215686274
0.6941176470588235
0.5098039215686274
0.3843137254901961
0.7490196078431373
0.6039215686274509
0.4666666666666667
0.8274509803921568
0.6627450980392157
0.5294117647058824
0.8784313725490196
0.7137254901960784
0.5529411764705883
0.8784313725490196
0.6745098039215687
0.5137254901960784
0.9686274509803922
0.788235294117647
0.6431372549019608
0.5803921568627451
0.5411764705882353
0.2901960784313726
0.40784313725490196
0.3137254901960784
0.1803921568627451
0.38823529411764707
0.3176470588235294
0.15294117647058825
0.4
0.3686274509803922
0.15294117647058825
0.43137254901960786
0.396078431372549
0.17647058823529413
0.45098039215686275
0.41568627450980394
0.1843137254901961
0.4470588235294118
0.41568627450980394
0.18823529411764706
0.4235294117647059
0.39215686274509803
0.1568627450980392
0.4823529411764706
0.4470588235294118
0.2235294117647059
0.34901960784313724
0.30196078431372547
0.11764705882352941
0.5254901960784314
0.49411764705882355
0.4392156862745098
0.803921568627451
0.8352941176470589
0.8823529411764706
0.803921568627451
0.8352941176470589
0.8823529411764706
0.7725490196078432
0.807843137254902
0.8549019607843137
0.6509803921568628
0.6352941176470588
0.6823529411764706
0.7294117647058823
0.7333333333333333
0.792156862745098
0.6078431372549019
0.5725490196078431
0.6352941176470588
0.35294117647058826
0.25098039215686274
0.25882352941176473
0.5019607843137255
0.4549019607843137
0.47058823529411764
0.6705882352941176
0.6823529411764706
0.6705882352941176
0.7450980392156863
0.7607843137254902
0.7725490196078432
0.7450980392156863
0.7137254901960784
0.7058823529411765
0.6784313725490196
0.45098039215686275
0.3254901960784314
0.8274509803921568
0.6745098039215687
0.5254901960784314
0.8941176470588236
0.7764705882352941
0.6392156862745098
0.9411764705882353
0.8509803921568627
0.7019607843137254
0.9725490196078431
0.8745098039215686
0.7098039215686275
0.996078431372549
0.9411764705882353
0.796078431372549
0.9882352941176471
0.8784313725490196
0.7294117647058823
0.9686274509803922
0.8666666666666667
0.6980392156862745
0.9764705882352941
0.8392156862745098
0.6901960784313725
0.9137254901960784
0.7490196078431373
0.6078431372549019
0.4
0.3333333333333333
0.19215686274509805
0.4980392156862745
0.39215686274509803
0.2627450980392157
0.403921568627451
0.32941176470588235
0.16470588235294117
0.42745098039215684
0.38823529411764707
0.2
0.5215686274509804
0.48627450980392156
0.27058823529411763
0.47843137254901963
0.43137254901960786
0.23137254901960785
0.45098039215686275
0.403921568627451
0.19607843137254902
0.4627450980392157
0.4235294117647059
0.19215686274509805
0.5019607843137255
0.4235294117647059
0.23137254901960785
0.34509803921568627
0.24313725490196078
0.08627450980392157
0.5137254901960784
0.4666666666666667
0.4196078431372549
0.8
0.8392156862745098
0.8745098039215686
0.7803921568627451
0.8156862745098039
0.8549019607843137
0.7725490196078432
0.8117647058823529
0.8666666666666667
0.7568627450980392
0.7686274509803922
0.8117647058823529
0.5215686274509804
0.4196078431372549
0.4392156862745098
0.3803921568627451
0.26666666666666666
0.3058823529411765
0.11764705882352941
0.0392156862745098
0.023529411764705882
0.4117647058823529
0.34509803921568627
0.2823529411764706
0.6784313725490196
0.6901960784313725
0.6980392156862745
0.7098039215686275
0.7450980392156863
0.7764705882352941
0.7647058823529411
0.7411764705882353
0.7372549019607844
0.8235294117647058
0.6196078431372549
0.4627450980392157
0.9490196078431372
0.8274509803921568
0.6705882352941176
0.9764705882352941
0.9294117647058824
0.8
0.984313725490196
0.9686274509803922
0.8470588235294118
0.996078431372549
0.9215686274509803
0.7764705882352941
0.984313725490196
0.8784313725490196
0.7254901960784313
0.9764705882352941
0.8627450980392157
0.7294117647058823
0.8431372549019608
0.6509803921568628
0.5254901960784314
0.7294117647058823
0.5803921568627451
0.42745098039215684
0.6196078431372549
0.49019607843137253
0.2823529411764706
0.30980392156862746
0.21568627450980393
0.13333333333333333
0.42745098039215684
0.30196078431372547
0.17647058823529413
0.2980392156862745
0.2235294117647059
0.10588235294117647
0.30980392156862746
0.27058823529411763
0.13333333333333333
0.42745098039215684
0.3686274509803922
0.20784313725490197
0.42745098039215684
0.3607843137254902
0.18823529411764706
0.41568627450980394
0.3607843137254902
0.1568627450980392
0.43529411764705883
0.37254901960784315
0.14901960784313725
0.611764705882353
0.4627450980392157
0.2823529411764706
0.5803921568627451
0.403921568627451
0.23529411764705882
0.6666666666666666
0.5019607843137255
0.4117647058823529
0.796078431372549
0.8274509803921568
0.8627450980392157
0.8
0.8352941176470589
0.8980392156862745
0.7843137254901961
0.8156862745098039
0.8666666666666667
0.7529411764705882
0.7803921568627451
0.8274509803921568
0.6235294117647059
0.5411764705882353
0.5411764705882353
0.5490196078431373
0.36470588235294116
0.44313725490196076
0.4117647058823529
0.2549019607843137
0.34901960784313724
0.5843137254901961
0.4666666666666667
0.4549019607843137
0.6901960784313725
0.7098039215686275
0.7254901960784313
0.7450980392156863
0.7725490196078432
0.8117647058823529
0.7450980392156863
0.7490196078431373
0.7333333333333333
0.7529411764705882
0.6431372549019608
0.5333333333333333
0.7647058823529411
0.6235294117647059
0.4627450980392157
0.7725490196078432
0.6274509803921569
0.4823529411764706
0.7764705882352941
0.6980392156862745
0.5019607843137255
0.7098039215686275
0.6196078431372549
0.44313725490196076
0.6313725490196078
0.5019607843137255
0.35294117647058826
0.6039215686274509
0.45098039215686275
0.33725490196078434
0.6431372549019608
0.43529411764705883
0.30980392156862746
0.596078431372549
0.44313725490196076
0.28627450980392155
0.5843137254901961
0.4980392156862745
0.23137254901960785
0.38823529411764707
0.29411764705882354
0.21176470588235294
0.4666666666666667
0.30980392156862746
0.23137254901960785
0.33725490196078434
0.2627450980392157
0.1803921568627451
0.3176470588235294
0.24705882352941178
0.1450980392156863
0.3215686274509804
0.2196078431372549
0.12941176470588237
0.37254901960784315
0.2823529411764706
0.15294117647058825
0.39215686274509803
0.2823529411764706
0.12156862745098039
0.49411764705882355
0.34901960784313724
0.16470588235294117
0.6352941176470588
0.47058823529411764
0.3058823529411765
0.7607843137254902
0.5607843137254902
0.40784313725490196
0.5803921568627451
0.403921568627451
0.28627450980392155
0.7764705882352941
0.803921568627451
0.8313725490196079
0.8
0.8352941176470589
0.8980392156862745
0.7764705882352941
0.803921568627451
0.8588235294117647
0.7411764705882353
0.7725490196078432
0.8313725490196079
0.7294117647058823
0.7058823529411765
0.7294117647058823
0.6274509803921569
0.4235294117647059
0.5254901960784314
0.615686274509804
0.36470588235294116
0.5647058823529412
0.6352941176470588
0.4627450980392157
0.5647058823529412
0.6588235294117647
0.6745098039215687
0.6862745098039216
0.7254901960784313
0.7529411764705882
0.7803921568627451
0.8196078431372549
0.8431372549019608
0.8470588235294118
0.8666666666666667
0.8588235294117647
0.8470588235294118
0.7333333333333333
0.6745098039215687
0.5137254901960784
0.8235294117647058
0.7411764705882353
0.5529411764705883
0.7294117647058823
0.7019607843137254
0.4549019607843137
0.5529411764705883
0.5725490196078431
0.27450980392156865
0.5098039215686274
0.4823529411764706
0.23921568627450981
0.6078431372549019
0.49411764705882355
0.29411764705882354
0.5607843137254902
0.48627450980392156
0.2627450980392157
0.5764705882352941
0.48627450980392156
0.27058823529411763
0.5843137254901961
0.5568627450980392
0.30980392156862746
0.3254901960784314
0.22745098039215686
0.1607843137254902
0.3058823529411765
0.18823529411764706
0.13333333333333333
0.3058823529411765
0.17254901960784313
0.12549019607843137
0.43529411764705883
0.2627450980392157
0.17647058823529413
0.4117647058823529
0.28627450980392155
0.20392156862745098
0.3803921568627451
0.27058823529411763
0.1843137254901961
0.4235294117647059
0.29411764705882354
0.19215686274509805
0.5686274509803921
0.3843137254901961
0.2901960784313726
0.7058823529411765
0.596078431372549
0.4666666666666667
0.6627450980392157
0.5686274509803921
0.47058823529411764
0.4588235294117647
0.4
0.3254901960784314
0.7490196078431373
0.7843137254901961
0.8196078431372549
0.7686274509803922
0.807843137254902
0.8588235294117647
0.7607843137254902
0.788235294117647
0.8392156862745098
0.7333333333333333
0.7529411764705882
0.803921568627451
0.7019607843137254
0.7098039215686275
0.7647058823529411
0.6784313725490196
0.5764705882352941
0.6196078431372549
0.6431372549019608
0.34509803921568627
0.49019607843137253
0.6509803921568628
0.4666666666666667
0.5686274509803921
0.6470588235294118
0.6549019607843137
0.6666666666666666
0.7019607843137254
0.7294117647058823
0.7490196078431373
0.8627450980392157
0.8745098039215686
0.8784313725490196
0.9568627450980393
0.9725490196078431
0.9803921568627451
0.7803921568627451
0.7803921568627451
0.7176470588235294
0.6823529411764706
0.6509803921568628
0.4235294117647059
0.5529411764705883
0.5529411764705883
0.3176470588235294
0.5019607843137255
0.5176470588235295
0.29411764705882354
0.5294117647058824
0.5098039215686274
0.2784313725490196
0.5372549019607843
0.5098039215686274
0.2627450980392157
0.4588235294117647
0.5137254901960784
0.21176470588235294
0.4823529411764706
0.4980392156862745
0.23529411764705882
0.40784313725490196
0.45098039215686275
0.19607843137254902
0.396078431372549
0.33725490196078434
0.3058823529411765
0.3843137254901961
0.33725490196078434
0.2823529411764706
0.3686274509803922
0.3254901960784314
0.29411764705882354
0.44313725490196076
0.3568627450980392
0.2823529411764706
0.4196078431372549
0.34901960784313724
0.3215686274509804
0.3333333333333333
0.2980392156862745
0.2627450980392157
0.4
0.4
0.32941176470588235
0.4666666666666667
0.43137254901960786
0.38823529411764707
0.5725490196078431
0.596078431372549
0.4627450980392157
0.6470588235294118
0.6666666666666666
0.49411764705882355
0.5254901960784314
0.5450980392156862
0.3764705882352941
0.7764705882352941
0.8196078431372549
0.8588235294117647
0.7254901960784313
0.7725490196078432
0.807843137254902
0.7333333333333333
0.7607843137254902
0.807843137254902
0.7372549019607844
0.7411764705882353
0.7803921568627451
0.7254901960784313
0.7254901960784313
0.7490196078431373
0.6823529411764706
0.6705882352941176
0.6705882352941176
0.6352941176470588
0.49019607843137253
0.49411764705882355
0.6392156862745098
0.5686274509803921
0.5607843137254902
0.6588235294117647
0.6666666666666666
0.6431372549019608
0.6784313725490196
0.7019607843137254
0.6980392156862745
0.792156862745098
0.8274509803921568
0.8470588235294118
0.9882352941176471
0.9882352941176471
0.9921568627450981
0.9098039215686274
0.9176470588235294
0.9294117647058824
0.5843137254901961
0.6352941176470588
0.5529411764705883
0.3568627450980392
0.4392156862745098
0.1843137254901961
0.40784313725490196
0.4627450980392157
0.23529411764705882
0.4196078431372549
0.45098039215686275
0.23137254901960785
0.40784313725490196
0.4666666666666667
0.21176470588235294
0.34901960784313724
0.4470588235294118
0.13725490196078433
0.3568627450980392
0.4588235294117647
0.1411764705882353
0.3333333333333333
0.4196078431372549
0.15294117647058825
0.43529411764705883
0.4627450980392157
0.30980392156862746
0.5058823529411764
0.5294117647058824
0.39215686274509803
0.5176470588235295
0.5254901960784314
0.4392156862745098
0.3607843137254902
0.4196078431372549
0.24313725490196078
0.43137254901960786
0.44313725490196076
0.3215686274509804
0.403921568627451
0.44313725490196076
0.23921568627450981
0.5254901960784314
0.5529411764705883
0.29411764705882354
0.47058823529411764
0.5254901960784314
0.2823529411764706
0.5215686274509804
0.5882352941176471
0.2980392156862745
0.615686274509804
0.6980392156862745
0.3568627450980392
0.596078431372549
0.6627450980392157
0.4117647058823529
0.8156862745098039
0.8705882352941177
0.9176470588235294
0.7568627450980392
0.8117647058823529
0.8627450980392157
0.6823529411764706
0.7176470588235294
0.7647058823529411
0.6666666666666666
0.6862745098039216
0.7176470588235294
0.6392156862745098
0.6392156862745098
0.6352941176470588
0.6
0.615686274509804
0.5843137254901961
0.5137254901960784
0.5137254901960784
0.4666666666666667
0.5490196078431373
0.5607843137254902
0.49411764705882355
0.611764705882353
0.6313725490196078
0.592156862745098
0.6862745098039216
0.7215686274509804
0.7333333333333333
0.7529411764705882
0.8
0.8470588235294118
0.9450980392156862
0.9372549019607843
0.9450980392156862
0.9607843137254902
0.9568627450980393
0.9647058823529412
0.8588235294117647
0.8901960784313725
0.9411764705882353
0.7137254901960784
0.7686274509803922
0.7529411764705882
0.40784313725490196
0.43529411764705883
0.2901960784313726
0.396078431372549
0.4470588235294118
0.22745098039215686
0.3568627450980392
0.4392156862745098
0.18823529411764706
0.30980392156862746
0.403921568627451
0.14901960784313725
0.2980392156862745
0.4117647058823529
0.16862745098039217
0.35294117647058826
0.4196078431372549
0.2235294117647059
0.5882352941176471
0.611764705882353
0.26666666666666666
0.5098039215686274
0.5333333333333333
0.27058823529411763
0.5490196078431373
0.5333333333333333
0.30196078431372547
0.4745098039215686
0.5372549019607843
0.21176470588235294
0.5647058823529412
0.5686274509803921
0.2980392156862745
0.47843137254901963
0.5607843137254902
0.21176470588235294
0.5019607843137255
0.592156862745098
0.21568627450980393
0.40784313725490196
0.5058823529411764
0.1843137254901961
0.3686274509803922
0.5019607843137255
0.17647058823529413
0.49019607843137253
0.6078431372549019
0.2549019607843137
0.6
0.6823529411764706
0.48627450980392156
0.8156862745098039
0.8745098039215686
0.9450980392156862
0.7764705882352941
0.8392156862745098
0.9098039215686274
0.7254901960784313
0.7803921568627451
0.8313725490196079
0.6470588235294118
0.6823529411764706
0.7176470588235294
0.5372549019607843
0.5607843137254902
0.5568627450980392
0.5019607843137255
0.5372549019607843
0.5372549019607843
0.5411764705882353
0.5686274509803921
0.5725490196078431
0.6313725490196078
0.6588235294117647
0.6352941176470588
0.6666666666666666
0.7019607843137254
0.7019607843137254
0.7058823529411765
0.7647058823529411
0.8117647058823529
0.7372549019607844
0.792156862745098
0.8392156862745098
0.8352941176470589
0.8470588235294118
0.8705882352941177
0.9568627450980393
0.9450980392156862
0.9294117647058824
0.9529411764705882
0.9529411764705882
0.9686274509803922
0.8588235294117647
0.8941176470588236
0.9254901960784314
0.7294117647058823
0.7372549019607844
0.7098039215686275
0.33725490196078434
0.4
0.1803921568627451
0.37254901960784315
0.43137254901960786
0.2196078431372549
0.396078431372549
0.4470588235294118
0.2196078431372549
0.34509803921568627
0.4392156862745098
0.2
0.3607843137254902
0.45098039215686275
0.21176470588235294
0.8
0.7647058823529411
0.4627450980392157
0.6901960784313725
0.6039215686274509
0.33725490196078434
0.6431372549019608
0.5647058823529412
0.30196078431372547
0.5294117647058824
0.5568627450980392
0.23137254901960785
0.5333333333333333
0.5490196078431373
0.23529411764705882
0.4627450980392157
0.5254901960784314
0.1843137254901961
0.47843137254901963
0.5450980392156862
0.23137254901960785
0.38823529411764707
0.4627450980392157
0.21568627450980393
0.3176470588235294
0.4745098039215686
0.17647058823529413
0.34901960784313724
0.47843137254901963
0.1607843137254902
0.5137254901960784
0.592156862745098
0.4745098039215686
0.803921568627451
0.8627450980392157
0.9372549019607843
0.788235294117647
0.8470588235294118
0.9176470588235294
0.7607843137254902
0.8156862745098039
0.8745098039215686
0.7019607843137254
0.7411764705882353
0.7843137254901961
0.6509803921568628
0.6784313725490196
0.7215686274509804
0.6470588235294118
0.6901960784313725
0.7490196078431373
0.6627450980392157
0.7176470588235294
0.7725490196078432
0.6823529411764706
0.7333333333333333
0.7647058823529411
0.6941176470588235
0.7411764705882353
0.7764705882352941
0.7294117647058823
0.788235294117647
0.8392156862745098
0.7254901960784313
0.7843137254901961
0.8313725490196079
0.7647058823529411
0.8
0.8431372549019608
0.9098039215686274
0.8941176470588236
0.9019607843137255
0.9686274509803922
0.9686274509803922
0.9803921568627451
0.8862745098039215
0.9098039215686274
0.9450980392156862
0.7764705882352941
0.803921568627451
0.8274509803921568
0.3686274509803922
0.4392156862745098
0.26666666666666666
0.3215686274509804
0.4196078431372549
0.1803921568627451
0.3803921568627451
0.43529411764705883
0.25098039215686274
0.3411764705882353
0.44313725490196076
0.21568627450980393
0.3176470588235294
0.44313725490196076
0.20784313725490197
0.5843137254901961
0.6039215686274509
0.2823529411764706
0.6039215686274509
0.5490196078431373
0.29411764705882354
0.592156862745098
0.49411764705882355
0.24705882352941178
0.5372549019607843
0.5725490196078431
0.2823529411764706
0.4549019607843137
0.4823529411764706
0.2196078431372549
0.403921568627451
0.4666666666666667
0.1607843137254902
0.3843137254901961
0.4666666666666667
0.20392156862745098
0.3843137254901961
0.4745098039215686
0.2196078431372549
0.3215686274509804
0.4470588235294118
0.16470588235294117
0.3058823529411765
0.44313725490196076
0.1450980392156863
0.4470588235294118
0.5372549019607843
0.43529411764705883
0.807843137254902
0.8549019607843137
0.9215686274509803
0.796078431372549
0.8470588235294118
0.9098039215686274
0.7647058823529411
0.8235294117647058
0.8784313725490196
0.7215686274509804
0.7607843137254902
0.807843137254902
0.6980392156862745
0.7490196078431373
0.8117647058823529
0.6901960784313725
0.7607843137254902
0.8352941176470589
0.6862745098039216
0.7647058823529411
0.8392156862745098
0.7058823529411765
0.7843137254901961
0.8392156862745098
0.7215686274509804
0.7803921568627451
0.8352941176470589
0.7411764705882353
0.788235294117647
0.8352941176470589
0.7215686274509804
0.7843137254901961
0.8313725490196079
0.7372549019607844
0.788235294117647
0.8470588235294118
0.803921568627451
0.8
0.8313725490196079
0.9254901960784314
0.9294117647058824
0.9450980392156862
0.8549019607843137
0.8823529411764706
0.9137254901960784
0.7803921568627451
0.8274509803921568
0.8901960784313725
0.7607843137254902
0.8
0.7843137254901961
0.403921568627451
0.5098039215686274
0.27450980392156865
0.4
0.4666666666666667
0.19607843137254902
0.30196078431372547
0.4470588235294118
0.16470588235294117
0.3058823529411765
0.43529411764705883
0.17647058823529413
0.4627450980392157
0.5333333333333333
0.1843137254901961
0.3686274509803922
0.43137254901960786
0.1607843137254902
0.44313725490196076
0.4980392156862745
0.20392156862745098
0.43137254901960786
0.5176470588235295
0.20784313725490197
0.5843137254901961
0.5803921568627451
0.2980392156862745
0.5215686274509804
0.5333333333333333
0.2196078431372549
0.4666666666666667
0.5254901960784314
0.23529411764705882
0.4392156862745098
0.5215686274509804
0.23921568627450981
0.40784313725490196
0.47843137254901963
0.23137254901960785
0.3607843137254902
0.47058823529411764
0.1803921568627451
0.6392156862745098
0.7019607843137254
0.6705882352941176
0.8196078431372549
0.8666666666666667
0.9294117647058824
0.792156862745098
0.8431372549019608
0.9058823529411765
0.7490196078431373
0.8117647058823529
0.8705882352941177
0.6941176470588235
0.7490196078431373
0.807843137254902
0.7058823529411765
0.7568627450980392
0.8274509803921568
0.6980392156862745
0.7686274509803922
0.8549019607843137
0.7176470588235294
0.796078431372549
0.8784313725490196
0.7058823529411765
0.7764705882352941
0.8509803921568627
0.7529411764705882
0.8156862745098039
0.8745098039215686
0.7294117647058823
0.7764705882352941
0.8156862745098039
0.7254901960784313
0.7764705882352941
0.8313725490196079
0.7254901960784313
0.7764705882352941
0.8549019607843137
0.6705882352941176
0.6862745098039216
0.7254901960784313
0.7137254901960784
0.7215686274509804
0.7176470588235294
0.7254901960784313
0.7490196078431373
0.7529411764705882
0.6274509803921569
0.7098039215686275
0.7490196078431373
0.6862745098039216
0.7450980392156863
0.7568627450980392
0.6745098039215687
0.7098039215686275
0.6980392156862745
0.5568627450980392
0.5843137254901961
0.4745098039215686
0.3215686274509804
0.4588235294117647
0.15294117647058825
0.3607843137254902
0.4588235294117647
0.21176470588235294
0.4549019607843137
0.5019607843137255
0.21176470588235294
0.3254901960784314
0.40784313725490196
0.12549019607843137
0.36470588235294116
0.4666666666666667
0.12549019607843137
0.5568627450980392
0.6274509803921569
0.2823529411764706
0.5254901960784314
0.5372549019607843
0.2
0.5764705882352941
0.6
0.2823529411764706
0.4745098039215686
0.5294117647058824
0.21568627450980393
0.4549019607843137
0.49411764705882355
0.23921568627450981
0.4588235294117647
0.49411764705882355
0.2235294117647059
0.5176470588235295
0.5372549019607843
0.26666666666666666
0.7294117647058823
0.7686274509803922
0.7843137254901961
0.8117647058823529
0.8666666666666667
0.9294117647058824
0.7843137254901961
0.8352941176470589
0.8980392156862745
0.7333333333333333
0.796078431372549
0.8627450980392157
0.6980392156862745
0.7568627450980392
0.8235294117647058
0.6862745098039216
0.7372549019607844
0.807843137254902
0.6823529411764706
0.7450980392156863
0.8352941176470589
0.7098039215686275
0.7686274509803922
0.8705882352941177
0.7333333333333333
0.8
0.8941176470588236
0.7450980392156863
0.7764705882352941
0.8156862745098039
0.7215686274509804
0.7490196078431373
0.7686274509803922
0.7333333333333333
0.7843137254901961
0.8392156862745098
0.7294117647058823
0.788235294117647
0.8823529411764706
0.6745098039215687
0.7058823529411765
0.7568627450980392
0.4549019607843137
0.5058823529411764
0.41568627450980394
0.43137254901960786
0.47843137254901963
0.4
0.32941176470588235
0.4588235294117647
0.36470588235294116
0.4666666666666667
0.5372549019607843
0.47058823529411764
0.6941176470588235
0.7215686274509804
0.6901960784313725
0.7843137254901961
0.807843137254902
0.807843137254902
0.36470588235294116
0.47058823529411764
0.2823529411764706
0.39215686274509803
0.4627450980392157
0.23137254901960785
0.3607843137254902
0.4470588235294118
0.1607843137254902
0.3568627450980392
0.4
0.17254901960784313
0.34901960784313724
0.47843137254901963
0.1411764705882353
0.5607843137254902
0.615686274509804
0.29411764705882354
0.6078431372549019
0.6352941176470588
0.30980392156862746
0.49411764705882355
0.5607843137254902
0.21568627450980393
0.3803921568627451
0.48627450980392156
0.1450980392156863
0.48627450980392156
0.5098039215686274
0.27058823529411763
0.5568627450980392
0.5529411764705883
0.3176470588235294
0.5450980392156862
0.5333333333333333
0.3843137254901961
0.788235294117647
0.8235294117647058
0.8901960784313725
0.803921568627451
0.8588235294117647
0.9137254901960784
0.7686274509803922
0.8156862745098039
0.8823529411764706
0.7215686274509804
0.7803921568627451
0.8588235294117647
0.6745098039215687
0.7294117647058823
0.8117647058823529
0.6313725490196078
0.6784313725490196
0.7529411764705882
0.6352941176470588
0.7098039215686275
0.803921568627451
0.6980392156862745
0.7607843137254902
0.8392156862745098
0.7725490196078432
0.792156862745098
0.8352941176470589
0.7568627450980392
0.792156862745098
0.8352941176470589
0.7607843137254902
0.8156862745098039
0.8549019607843137
0.7490196078431373
0.8
0.8588235294117647
0.7215686274509804
0.788235294117647
0.8627450980392157
0.5725490196078431
0.6196078431372549
0.6509803921568628
0.24313725490196078
0.35294117647058826
0.14901960784313725
0.1843137254901961
0.25098039215686274
0.12549019607843137
0.23529411764705882
0.40784313725490196
0.19607843137254902
0.38823529411764707
0.47843137254901963
0.2823529411764706
0.5490196078431373
0.5725490196078431
0.48627450980392156
0.5725490196078431
0.6196078431372549
0.5764705882352941
0.37254901960784315
0.4980392156862745
0.2823529411764706
0.41568627450980394
0.5176470588235295
0.26666666666666666
0.3686274509803922
0.4549019607843137
0.19607843137254902
0.4
0.42745098039215684
0.2
0.2980392156862745
0.43137254901960786
0.14901960784313725
0.3764705882352941
0.4549019607843137
0.21568627450980393
0.40784313725490196
0.5058823529411764
0.1803921568627451
0.48627450980392156
0.5098039215686274
0.2196078431372549
0.3333333333333333
0.43529411764705883
0.09803921568627451
0.33725490196078434
0.43137254901960786
0.17254901960784313
0.4980392156862745
0.5215686274509804
0.44313725490196076
0.7647058823529411
0.796078431372549
0.8117647058823529
0.8196078431372549
0.8509803921568627
0.8980392156862745
0.788235294117647
0.8274509803921568
0.8941176470588236
0.7490196078431373
0.7803921568627451
0.8549019607843137
0.6862745098039216
0.7411764705882353
0.807843137254902
0.611764705882353
0.6666666666666666
0.7411764705882353
0.5254901960784314
0.5843137254901961
0.6470588235294118
0.6
0.6745098039215687
0.7215686274509804
0.8156862745098039
0.8431372549019608
0.8823529411764706
0.8117647058823529
0.8313725490196079
0.8784313725490196
0.7411764705882353
0.7686274509803922
0.8235294117647058
0.7294117647058823
0.792156862745098
0.8588235294117647
0.7372549019607844
0.803921568627451
0.8784313725490196
0.7176470588235294
0.7843137254901961
0.8745098039215686
0.4823529411764706
0.5411764705882353
0.5490196078431373
0.27450980392156865
0.36470588235294116
0.16862745098039217
0.4470588235294118
0.4823529411764706
0.2901960784313726
0.3333333333333333
0.4235294117647059
0.19607843137254902
0.403921568627451
0.5019607843137255
0.25882352941176473
0.4235294117647059
0.4980392156862745
0.2901960784313726
0.3215686274509804
0.49019607843137253
0.22745098039215686
0.3254901960784314
0.4823529411764706
0.1803921568627451
0.37254901960784315
0.4980392156862745
0.18823529411764706
0.37254901960784315
0.4823529411764706
0.2
0.4666666666666667
0.5215686274509804
0.2823529411764706
0.3333333333333333
0.403921568627451
0.1568627450980392
0.2980392156862745
0.4196078431372549
0.14901960784313725
0.3607843137254902
0.43529411764705883
0.18823529411764706
0.4588235294117647
0.4627450980392157
0.24705882352941178
0.5843137254901961
0.6196078431372549
0.4823529411764706
0.7843137254901961
0.8117647058823529
0.7529411764705882
0.8470588235294118
0.8470588235294118
0.8745098039215686
0.7647058823529411
0.792156862745098
0.8392156862745098
0.7215686274509804
0.7607843137254902
0.7647058823529411
0.7647058823529411
0.788235294117647
0.8666666666666667
0.6941176470588235
0.7450980392156863
0.803921568627451
0.6392156862745098
0.6745098039215687
0.7490196078431373
0.5137254901960784
0.6
0.6313725490196078
0.5215686274509804
0.5843137254901961
0.5882352941176471
0.8627450980392157
0.8666666666666667
0.8901960784313725
0.8784313725490196
0.8784313725490196
0.8862745098039215
0.792156862745098
0.8392156862745098
0.8980392156862745
0.7137254901960784
0.7647058823529411
0.8392156862745098
0.7215686274509804
0.7686274509803922
0.8627450980392157
0.6980392156862745
0.7686274509803922
0.8274509803921568
0.6196078431372549
0.7098039215686275
0.7607843137254902
0.40784313725490196
0.5333333333333333
0.44313725490196076
0.32941176470588235
0.43529411764705883
0.23921568627450981
0.3764705882352941
0.4745098039215686
0.2627450980392157
0.2980392156862745
0.40784313725490196
0.18823529411764706
0.33725490196078434
0.4627450980392157
0.23137254901960785
0.3686274509803922
0.49019607843137253
0.26666666666666666
0.24313725490196078
0.42745098039215684
0.17647058823529413
0.34509803921568627
0.49411764705882355
0.19215686274509805
0.37254901960784315
0.5019607843137255
0.19607843137254902
0.2627450980392157
0.396078431372549
0.09803921568627451
0.3411764705882353
0.44313725490196076
0.16862745098039217
0.24313725490196078
0.34509803921568627
0.09803921568627451
0.26666666666666666
0.4196078431372549
0.12549019607843137
0.43529411764705883
0.5215686274509804
0.2901960784313726
0.6235294117647059
0.6352941176470588
0.5490196078431373
0.9725490196078431
0.9725490196078431
0.9411764705882353
0.9686274509803922
0.9725490196078431
0.9333333333333333
0.7725490196078432
0.7686274509803922
0.7254901960784313
0.6470588235294118
0.6823529411764706
0.6862745098039216
0.6313725490196078
0.6784313725490196
0.6392156862745098
0.6705882352941176
0.6941176470588235
0.7254901960784313
0.5803921568627451
0.6392156862745098
0.6352941176470588
0.47058823529411764
0.5294117647058824
0.5764705882352941
0.6196078431372549
0.6627450980392157
0.6666666666666666
0.796078431372549
0.803921568627451
0.788235294117647
0.8392156862745098
0.8235294117647058
0.8313725490196079
0.7450980392156863
0.788235294117647
0.7647058823529411
0.7098039215686275
0.7647058823529411
0.8313725490196079
0.6274509803921569
0.6980392156862745
0.7843137254901961
0.5490196078431373
0.5843137254901961
0.6078431372549019
0.5098039215686274
0.596078431372549
0.5176470588235295
0.43529411764705883
0.5411764705882353
0.4392156862745098
0.32941176470588235
0.47843137254901963
0.2784313725490196
0.29411764705882354
0.4588235294117647
0.25098039215686274
0.2980392156862745
0.4470588235294118
0.24313725490196078
0.2784313725490196
0.4196078431372549
0.19607843137254902
0.2627450980392157
0.4196078431372549
0.19607843137254902
0.3333333333333333
0.44313725490196076
0.2196078431372549
0.25882352941176473
0.4117647058823529
0.16862745098039217
0.34509803921568627
0.47843137254901963
0.25882352941176473
0.23529411764705882
0.4117647058823529
0.15294117647058825
0.29411764705882354
0.40784313725490196
0.1411764705882353
0.3411764705882353
0.42745098039215684
0.15294117647058825
0.27450980392156865
0.39215686274509803
0.12941176470588237
0.4823529411764706
0.5647058823529412
0.36470588235294116
0.7450980392156863
0.788235294117647
0.6745098039215687
0.8784313725490196
0.8823529411764706
0.8509803921568627
0.9333333333333333
0.9254901960784314
0.9019607843137255
0.8745098039215686
0.8666666666666667
0.8117647058823529
0.6196078431372549
0.6588235294117647
0.5176470588235295
0.6784313725490196
0.7137254901960784
0.611764705882353
0.5215686274509804
0.6
0.47058823529411764
0.4823529411764706
0.5568627450980392
0.45098039215686275
0.403921568627451
0.48627450980392156
0.3568627450980392
0.5450980392156862
0.5803921568627451
0.5411764705882353
0.7294117647058823
0.7333333333333333
0.7215686274509804
0.5843137254901961
0.5882352941176471
0.5411764705882353
0.6745098039215687
0.6784313725490196
0.6666666666666666
0.6313725490196078
0.6862745098039216
0.6705882352941176
0.5019607843137255
0.5490196078431373
0.6
0.29411764705882354
0.37254901960784315
0.3176470588235294
0.3764705882352941
0.396078431372549
0.30196078431372547
0.25882352941176473
0.35294117647058826
0.17254901960784313
0.35294117647058826
0.4745098039215686
0.2784313725490196
0.2549019607843137
0.40784313725490196
0.1607843137254902
0.3058823529411765
0.49019607843137253
0.26666666666666666
0.29411764705882354
0.4
0.21568627450980393
0.30980392156862746
0.4235294117647059
0.19215686274509805
0.24705882352941178
0.42745098039215684
0.20392156862745098
0.2549019607843137
0.3254901960784314
0.1568627450980392
0.24313725490196078
0.403921568627451
0.15294117647058825
0.30980392156862746
0.4588235294117647
0.23137254901960785
0.26666666666666666
0.403921568627451
0.18823529411764706
